D       =       0.152;
L       =       sqrt(110^2 + 75^2);
L       =       750;
Pot     =       5475.81 / (sqrt(4.474*D^(7/3)*L^(-3)*0.3314e12)+5.23)-47
% 
% 
% b       =       0.48;
% C_t2    =       C_t^2
% rho     =       1000;
% c_p     =       1.2;
% rho* c_p + b*(z_las - d)*sqrt(g/T)*C_t2^(3/4)